1  beta0 n=100  -2.4 0.59411121  0.041913253 0.6270824  0.041913249   0.9745587   0.8153465   0.9282265
2  beta1 n=100  -2.0 0.21983402 -0.050735658 0.9784404 -0.050735662   0.9818592   0.1443795   0.8872622
3  beta2 n=100  -2.6 0.26530889 -0.067893843 0.9479528 -0.067893849   0.9570443   0.1929826   0.8698036
4  gamma n=100  -1.4 0.29793426 -0.081789821 0.5550486 -0.081789824   0.9371181  -0.2093863   0.9556041
5  beta0 n=300  -2.4 0.33348140  0.013674614 0.6232653  0.013674613   0.9648138   1.0372987   0.9431160
6  beta1 n=300  -2.0 0.11865802 -0.015400571 1.0192998 -0.015400572   1.0407892   0.2378614   0.9292139
7  beta2 n=300  -2.6 0.14219099 -0.019750564 0.9918655 -0.019750565   1.0177418   0.2993089   0.9237516
8  gamma n=300  -1.4 0.16681424 -0.022898945 0.5460671 -0.022898945   0.9383955  -0.2311924   1.0264332
9  beta0 n=500  -2.4 0.24659523  0.003209819 0.6486359  0.003209818   1.0004656   1.0731261   0.9911717
10 beta1 n=500  -2.0 0.09028421 -0.011175804 1.0336913 -0.011175805   1.0590692   0.2516460   0.9407261
11 beta2 n=500  -2.6 0.10437123 -0.011460494 1.0413893 -0.011460495   1.0742656   0.3267388   0.9689163
12 gamma n=500  -1.4 0.12495702 -0.012830629 0.5598894 -0.012830629   0.9628197  -0.2289531   1.0609406